613 512 703 568
495 138 562 202
806 579 878 635
164 302 214 338
581 803 617 856
136 836 195 890
701 422 758 450
46 103 127 198
326 639 372 671
787 700 874 764
730 231 773 259
883 754 943 792
292 846 376 915
758 566 802 603
868 0 920 30
502 395 535 426
359 932 401 964
569 359 619 389
717 621 781 695
241 297 267 330
906 996 942 1024
764 360 800 390
167 955 209 1009
152 150 182 184
787 478 866 567
461 319 492 355
147 65 175 102
284 600 315 632
108 224 132 264
847 139 921 198
335 284 380 341
227 115 258 148
688 601 769 689
546 462 609 513
