672 879 736 956
752 556 824 628
699 160 747 205
607 74 643 119
905 419 943 464
608 14 648 70
810 114 844 158
764 53 810 120
586 564 627 595
736 9 782 57
799 326 843 385
774 619 840 680
600 626 631 669
633 162 678 197
749 731 785 778
341 266 384 297
554 906 606 946
686 605 729 695
491 679 529 711
355 740 387 784
824 297 877 347
843 107 872 147
643 509 691 536
733 682 762 730
417 186 455 213
415 671 449 707
715 252 769 284
640 954 675 1017
728 471 756 512
663 243 697 273
585 330 619 360
412 914 447 946
211 355 251 386
811 851 843 924
853 537 884 582
762 469 814 507
722 852 762 885
750 272 781 314
372 463 399 495
822 224 864 263
804 414 869 459
83 876 111 908
316 348 353 376
121 71 149 104
499 7 542 66
9 46 38 88
676 23 707 63
708 390 744 422
812 937 851 993
508 192 544 220
818 181 854 206
728 487 758 524
471 475 510 506
370 541 398 577
605 156 641 190
44 783 79 818
733 342 761 374
758 441 790 471
522 958 571 1013
471 952 499 986
649 516 693 545
508 28 546 77
1 0 33 30
516 44 551 84
596 14 632 63
512 391 543 425
81 448 114 474
37 942 68 975
323 887 358 914
287 386 313 423
845 285 903 338
674 337 700 369
673 803 714 873
