954 403 1003 487
651 229 700 266
735 504 795 570
947 286 1015 346
618 969 665 1003
793 394 854 431
581 718 638 755
934 7 1000 44
152 641 187 688
574 915 605 974
925 821 983 879
597 229 641 263
771 834 814 876
752 960 788 1007
854 382 891 451
870 277 916 313
61 660 95 713
742 840 772 893
776 709 822 766
507 673 537 722
644 38 712 101
828 518 914 594
451 620 483 665
457 512 488 551
761 666 792 722
684 565 727 593
823 45 873 81
584 499 611 534
666 588 704 621
556 11 587 45
819 262 863 285
520 986 557 1013
