243 480 289 515
325 166 378 229
261 196 322 256
361 249 393 290
175 450 232 543
492 164 524 209
335 660 369 696
142 669 182 708
141 619 185 661
111 558 190 604
479 360 515 389
118 697 147 744
515 541 547 575
0 892 39 939
409 104 455 148
220 335 289 388
547 24 585 62
162 924 202 957
455 45 526 106
357 56 413 122
809 537 837 578
82 659 121 690
463 450 495 481
734 209 761 243
696 821 730 848
863 588 896 617
73 764 106 796
608 96 635 129
438 573 468 612
44 831 98 890
91 935 134 969
538 18 578 54
742 140 778 169
554 33 591 68
384 871 412 902
630 166 665 192
