1118 846 1234 926
1063 704 1172 813
808 268 878 364
1012 192 1082 268
1515 956 1672 1080
1071 1701 1139 1802
704 1030 757 1117
1353 1044 1444 1109
1113 954 1176 1051
416 1802 471 1890
349 411 404 489
252 943 310 1020
706 1259 753 1341
1082 188 1141 280
1183 479 1244 561
471 153 529 225
962 383 1030 448
1321 868 1420 987
364 1978 425 2045
464 1675 510 1762
847 456 900 537
328 1140 380 1220
1012 47 1100 130
945 1486 999 1556
740 842 801 914
1270 1260 1387 1458
1564 9 1659 106
1487 1581 1579 1708
1062 463 1143 524
999 1204 1057 1297
850 1366 903 1446
850 1870 909 1945
1506 1233 1616 1320
1330 1533 1478 1696
1325 1808 1386 1889
1296 594 1383 701
699 1458 751 1535
153 805 198 884
538 918 588 1007
941 832 992 930
863 1541 925 1600
912 1777 988 1834
989 1608 1047 1675
1016 1078 1067 1155
1403 279 1548 446
1231 1135 1329 1274
551 1273 610 1340
1398 598 1553 823
1313 618 1400 722
1341 669 1428 759
1227 1535 1289 1631
1345 649 1419 726
482 841 530 922
1374 1703 1439 1770
977 1213 1039 1298
983 1248 1048 1326
963 1260 1030 1331
1403 1623 1477 1703
1382 1470 1521 1620
