399 630 483 739
847 511 993 600
1719 305 1837 430
466 184 566 275
765 645 848 733
1499 396 1655 489
1269 567 1394 646
1898 460 2042 551
1804 501 1911 633
189 766 277 824
252 332 406 429
1189 1170 1248 1259
1456 187 1530 276
842 896 928 989
399 1122 463 1177
1835 1093 1895 1173
322 969 391 1017
762 28 856 96
1494 802 1575 848
109 1232 168 1292
905 1534 968 1592
1602 824 1680 874
113 1642 188 1687
885 1151 948 1231
581 675 667 727
165 431 242 491
1835 895 1896 968
176 1112 246 1163
1515 324 1583 395
