778 156 812 211
489 904 546 957
207 605 277 671
332 682 400 746
800 685 844 719
123 764 185 834
687 749 739 819
129 7 174 62
391 592 454 652
782 903 818 934
805 604 838 654
470 809 529 853
838 136 899 186
730 435 793 506
535 59 575 103
662 868 719 906
967 291 1008 347
828 20 860 61
944 446 983 482
308 849 341 898
767 92 811 143
33 667 81 722
241 414 274 455
381 524 435 566
444 398 487 452
489 55 541 96
687 175 728 204
183 674 232 713
670 947 709 1022
451 992 493 1022
552 255 598 292
514 56 560 100
558 400 597 439
950 847 980 880
874 695 905 726
788 504 829 539
859 82 891 120
613 101 639 140
751 555 795 587
186 181 246 221
533 812 592 884
717 364 762 396
812 785 857 849
947 433 986 469
426 749 453 785
