264 1320 399 1409
1058 1089 1148 1223
1033 30 1112 125
1820 1364 1922 1432
774 1281 908 1428
400 1548 498 1617
926 109 1029 174
426 273 515 335
1543 1732 1616 1830
274 683 360 756
1368 1698 1435 1784
651 759 715 843
808 381 919 438
1373 1486 1456 1541
356 598 462 691
1021 340 1086 438
151 1826 313 1946
1668 266 1743 335
1377 120 1471 214
407 418 473 482
554 1579 627 1647
157 810 220 875
1713 1161 1785 1230
627 1460 709 1508
329 741 395 828
726 1079 823 1151
279 1218 398 1332
1576 1218 1693 1318
1961 1656 2048 1769
1836 481 1928 596
830 1728 900 1792
1233 650 1313 715
624 1047 679 1124
1452 1999 1523 2048
