43 102 128 197
727 227 776 263
615 512 700 570
701 421 759 450
162 303 213 338
880 753 943 792
930 92 1003 161
582 803 619 856
494 141 563 200
805 578 875 634
134 832 195 893
502 396 536 427
868 0 919 31
760 567 803 605
791 698 869 765
327 639 371 670
459 321 492 353
849 138 921 204
661 586 730 666
767 358 800 391
238 296 268 328
228 116 260 147
911 358 942 395
106 224 134 266
297 844 377 917
566 358 620 389
434 575 457 622
359 935 402 961
718 623 776 693
784 483 871 567
286 139 331 181
839 253 871 285
248 967 288 996
