521 182 575 217
582 768 669 818
445 221 486 285
365 817 425 853
506 427 579 466
643 471 692 526
527 825 578 906
586 87 625 153
424 805 463 874
737 57 804 135
639 690 714 758
380 391 436 428
220 654 271 684
26 932 61 975
391 680 435 706
519 708 586 766
266 48 302 82
445 699 489 736
584 915 632 1014
209 460 282 525
303 927 368 985
630 838 670 885
500 24 538 80
394 465 442 507
401 944 493 1010
635 555 718 603
36 33 66 77
610 9 656 68
488 326 563 403
362 916 420 970
704 924 755 957
571 507 634 606
396 274 431 307
295 338 337 364
257 985 301 1012
524 174 599 221
402 588 443 621
168 654 206 679
260 1 286 54
417 537 444 575
120 573 162 603
407 38 438 69
259 838 288 875
678 0 771 41
400 269 437 298
