912 919 978 987
753 120 825 215
98 103 180 161
603 643 688 697
407 249 485 331
771 528 826 561
632 789 676 848
736 767 804 857
246 118 302 171
263 877 304 916
758 915 851 988
261 668 296 718
627 239 711 318
532 785 575 829
196 21 272 73
555 668 593 717
96 537 159 571
811 398 853 467
186 103 232 171
507 632 569 677
416 345 480 419
385 892 423 931
684 322 744 414
63 806 103 851
574 489 649 564
754 407 812 489
339 617 393 651
819 38 902 144
383 772 437 819
458 497 534 548
250 552 306 582
313 824 362 862
69 900 115 920
286 97 341 188
58 0 128 76
27 172 81 246
221 241 306 339
145 833 184 862
412 480 480 532
131 583 158 627
426 887 460 937
390 247 441 324
430 991 467 1021
513 103 614 217
596 873 646 923
841 845 889 874
26 362 68 387
655 672 705 748
884 121 972 185
334 101 369 165
783 723 862 802
835 183 908 259
59 620 97 660
228 425 270 462
662 740 691 779
534 105 594 140
0 669 47 712
103 854 131 882
465 919 493 955
39 153 88 229
673 902 716 934
968 533 1010 564
788 603 844 659
611 191 664 230
