765 55 809 118
631 164 680 197
734 9 783 59
906 419 940 463
716 254 769 283
698 158 752 209
751 550 823 636
5 47 40 87
340 267 382 299
552 906 607 948
660 242 704 276
771 621 840 680
490 677 527 711
607 75 642 122
806 110 848 162
414 671 448 705
612 14 645 72
639 504 691 533
492 10 542 68
799 322 844 386
750 273 779 316
806 416 872 458
686 602 729 694
355 741 387 785
600 625 633 671
855 542 886 584
415 189 453 212
640 952 677 1017
675 886 732 955
821 296 877 350
473 477 509 505
587 567 628 594
415 915 445 944
752 729 788 779
762 472 813 501
210 357 249 383
650 512 697 541
819 179 859 205
704 746 740 787
735 340 763 376
732 681 759 730
604 159 639 190
484 861 521 891
686 272 718 299
586 331 620 359
869 166 898 203
714 847 767 890
2 0 32 29
285 0 339 43
750 298 776 336
468 955 501 984
525 955 568 1016
677 21 711 66
287 390 314 423
512 268 540 300
805 852 843 924
498 604 526 639
674 338 703 368
32 358 66 388
103 213 132 247
512 394 543 422
643 860 684 903
660 521 701 548
619 229 646 265
759 445 797 469
316 352 352 377
843 108 874 146
444 256 485 295
507 196 542 221
541 361 575 387
122 70 147 102
594 16 623 64
490 798 515 834
