946 287 1015 344
923 818 984 882
930 6 1002 47
581 718 636 757
574 918 606 974
150 642 188 689
775 711 822 764
59 663 96 714
653 227 699 269
750 965 789 1007
819 258 861 287
853 382 891 454
622 972 662 1005
769 832 816 878
792 394 853 432
955 403 1003 486
884 902 981 1001
739 506 797 568
505 672 541 723
682 562 726 593
870 277 918 308
763 670 795 720
827 526 916 594
520 983 556 1017
639 43 716 103
742 844 773 890
451 623 483 661
422 691 453 722
348 818 388 880
824 920 859 959
828 575 927 674
476 377 517 431
555 8 589 46
596 230 636 260
665 587 706 621
