321 252 383 338
176 449 231 541
140 668 182 707
265 198 319 254
107 556 193 608
218 338 292 390
406 99 454 150
80 659 124 694
491 164 526 206
456 45 525 106
324 168 378 235
359 248 392 287
145 620 185 658
518 543 546 578
271 975 303 1009
68 759 108 796
90 939 137 969
359 52 418 120
244 480 291 518
476 357 516 391
697 957 733 1003
102 619 127 663
463 450 494 482
113 699 147 745
136 832 174 860
335 663 367 696
438 575 469 611
82 707 114 738
536 13 572 52
46 833 91 890
64 522 109 549
469 21 501 52
650 882 679 914
693 821 731 848
0 887 40 945
682 341 715 372
221 500 288 588
607 97 636 130
734 210 760 245
589 105 623 131
50 981 92 1011
