1472 444 1551 587
1469 836 1614 1055
1249 457 1362 536
1506 1459 1655 1555
1314 623 1530 788
1657 681 1786 882
947 979 1052 1043
1103 827 1171 913
1632 1174 1757 1286
955 1403 1050 1465
1275 5 1382 103
1740 500 1826 589
752 1760 840 1898
1491 1571 1628 1655
462 1795 543 1857
1829 893 1962 1053
158 1845 228 1897
1410 70 1480 172
1230 1359 1332 1431
1384 1295 1458 1431
1213 1673 1293 1742
1101 337 1158 418
463 277 526 362
1155 928 1229 1036
728 552 789 642
1021 47 1108 103
1665 0 1763 87
990 1220 1062 1312
1377 1427 1503 1608
866 1901 939 2002
104 709 194 772
380 197 461 250
1148 73 1236 147
431 804 502 904
1023 436 1079 535
647 502 737 564
219 1575 288 1633
1462 122 1553 185
1322 236 1421 343
1043 1204 1123 1261
1479 398 1535 499
588 720 635 803
971 1537 1047 1638
467 1686 539 1731
795 1014 857 1088
1496 1885 1624 2048
557 1441 620 1495
448 1563 503 1621
375 564 424 639
547 985 624 1039
1499 1528 1646 1636
687 1545 758 1604
1157 990 1230 1096
727 763 790 822
1577 253 1625 338
698 1240 754 1305
1515 1182 1597 1245
360 1649 434 1694
589 1647 648 1718
