393 792 529 895
1018 1409 1131 1543
369 999 517 1143
373 1196 516 1363
24 1059 87 1163
1547 947 1701 1109
57 1487 265 1681
292 1336 445 1486
1799 1021 1939 1173
1833 1303 2011 1462
170 1718 319 1849
573 992 645 1113
1249 1018 1396 1164
690 1080 806 1172
731 1171 888 1393
100 1232 232 1324
676 875 755 973
984 886 1119 1038
424 1578 564 1697
872 1301 967 1431
527 1781 612 1901
1557 1650 1665 1760
1241 1707 1369 1868
1385 697 1488 800
0 1750 88 1843
943 852 997 926
645 1461 804 1570
1516 1762 1643 1895
1129 1406 1257 1487
1072 1199 1167 1301
616 1778 710 1914
1937 1709 2014 1791
178 903 310 1025
1344 1549 1453 1653
1551 1385 1699 1514
1466 1105 1585 1215
355 1776 482 1897
1469 1614 1542 1711
1711 1786 1805 1886
1012 1243 1079 1316
426 557 523 659
684 1731 754 1819
1141 1423 1278 1510
184 1772 320 1963
185 1833 314 2029
1854 1811 1937 1913
