383 832 433 888
895 718 953 776
475 72 557 132
520 598 591 660
327 250 393 326
202 920 286 979
435 623 482 672
954 415 1007 467
849 893 922 979
380 715 415 761
781 702 824 756
407 778 468 838
864 410 921 482
491 380 528 433
13 853 54 883
620 933 682 1008
430 683 465 734
744 163 819 257
620 666 665 697
660 545 725 618
822 249 863 285
174 281 219 346
58 409 116 441
463 764 512 827
324 0 377 55
810 486 875 543
384 510 451 596
226 547 266 606
46 186 96 217
301 125 363 168
286 457 340 541
897 319 943 364
213 395 278 437
454 424 503 481
386 185 454 237
268 299 337 365
772 124 820 174
499 938 531 974
669 796 702 847
968 690 1021 732
995 769 1024 818
302 92 359 164
547 937 588 1000
289 605 337 641
663 546 744 659
8 192 50 224
0 602 27 652
998 856 1024 892
711 679 758 721
868 104 909 145
223 399 298 446
399 938 451 989
16 187 73 228
0 446 40 487
637 742 669 772
424 771 487 835
244 412 291 449
157 911 196 943
116 226 170 257
826 654 855 696
