799 684 842 720
730 434 792 506
32 670 80 723
127 5 175 64
803 604 841 655
549 254 603 293
687 753 739 817
210 608 278 671
442 401 488 452
966 292 1005 347
489 903 546 955
388 593 455 654
686 175 731 207
941 447 982 483
780 905 821 940
471 804 527 852
122 764 185 832
839 137 900 185
382 524 437 566
949 848 978 881
327 681 397 747
658 864 723 908
184 919 247 983
853 78 895 123
185 673 231 717
538 59 577 102
766 94 810 143
502 53 564 102
811 785 854 847
778 159 813 211
751 557 793 587
244 414 275 461
309 853 341 895
824 20 858 60
951 416 987 450
68 944 123 1008
796 436 876 532
788 507 833 537
198 0 268 51
715 361 763 398
580 562 611 597
911 393 937 430
451 991 495 1021
662 943 712 1024
858 667 890 705
209 496 268 538
160 417 212 453
514 454 545 492
