671 224 717 262
624 87 673 135
38 324 90 368
969 832 1022 909
712 113 746 171
918 28 961 83
104 686 143 725
186 457 248 530
210 698 268 750
487 591 520 635
534 433 598 496
182 743 227 781
354 50 402 107
338 339 374 376
361 174 394 214
284 821 326 865
241 987 278 1021
900 721 932 755
379 869 417 898
444 321 481 361
656 599 706 656
287 716 331 764
744 995 782 1021
487 763 524 796
315 528 393 620
122 532 168 563
875 98 941 177
841 544 921 633
50 527 117 591
798 524 831 554
438 530 493 585
432 851 471 887
414 259 468 314
17 599 45 640
837 344 896 399
111 789 141 821
636 338 682 375
105 582 145 629
347 302 392 336
177 800 211 829
539 708 578 772
551 935 595 987
62 679 93 713
528 602 558 652
489 27 562 105
787 776 848 829
112 313 151 346
487 640 562 714
627 372 702 460
5 511 42 540
393 454 428 484
483 434 535 467
615 851 660 881
303 265 354 307
303 541 367 623
30 797 65 829
666 586 721 662
308 625 337 652
